AG35_LIKE
1.000000 -0.000000
0.999949 0.000009
0.999797 0.000034
0.999544 0.000077
0.999190 0.000138
0.998734 0.000215
0.998178 0.000309
0.997520 0.000421
0.996762 0.000549
0.995903 0.000694
0.994944 0.000856
0.993884 0.001034
0.992724 0.001229
0.991464 0.001441
0.990105 0.001668
0.988646 0.001912
0.987088 0.002172
0.985431 0.002447
0.983676 0.002738
0.981823 0.003045
0.979872 0.003366
0.977823 0.003703
0.975678 0.004054
0.973436 0.004420
0.971098 0.004800
0.968664 0.005194
0.966135 0.005602
0.963511 0.006024
0.960793 0.006459
0.957982 0.006906
0.955077 0.007367
0.952079 0.007840
0.948990 0.008325
0.945810 0.008822
0.942538 0.009330
0.939177 0.009849
0.935726 0.010380
0.932186 0.010921
0.928558 0.011472
0.924843 0.012033
0.921042 0.012603
0.917154 0.013183
0.913181 0.013772
0.909124 0.014369
0.904984 0.014974
0.900761 0.015587
0.896455 0.016208
0.892069 0.016835
0.887603 0.017469
0.883058 0.018110
0.878434 0.018756
0.873732 0.019409
0.868954 0.020066
0.864101 0.020728
0.859173 0.021395
0.854171 0.022066
0.849097 0.022740
0.843951 0.023418
0.838735 0.024099
0.833449 0.024783
0.828094 0.025468
0.822673 0.026156
0.817184 0.026845
0.811631 0.027535
0.806013 0.028226
0.800333 0.028918
0.794591 0.029609
0.788788 0.030300
0.782925 0.030990
0.777004 0.031679
0.771026 0.032366
0.764992 0.033052
0.758903 0.033736
0.752761 0.034416
0.746566 0.035094
0.740321 0.035769
0.734025 0.036440
0.727682 0.037107
0.721291 0.037769
0.714854 0.038427
0.708372 0.039080
0.701847 0.039727
0.695281 0.040369
0.688673 0.041004
0.682027 0.041633
0.675342 0.042255
0.668621 0.042870
0.661864 0.043477
0.655074 0.044077
0.648252 0.044668
0.641398 0.045251
0.634514 0.045826
0.627603 0.046391
0.620664 0.046946
0.613700 0.047492
0.606713 0.048028
0.599702 0.048553
0.592671 0.049067
0.585619 0.049571
0.578550 0.050063
0.571464 0.050544
0.564362 0.051012
0.557246 0.051469
0.550119 0.051912
0.542980 0.052344
0.535832 0.052762
0.528675 0.053166
0.521513 0.053557
0.514345 0.053934
0.507173 0.054298
0.500000 0.054646
0.492826 0.054980
0.485653 0.055299
0.478482 0.055603
0.471315 0.055892
0.464154 0.056165
0.456999 0.056422
0.449853 0.056663
0.442716 0.056887
0.435591 0.057096
0.428479 0.057287
0.421381 0.057462
0.414298 0.057620
0.407233 0.057761
0.400187 0.057884
0.393160 0.057990
0.386156 0.058078
0.379174 0.058148
0.372217 0.058200
0.365286 0.058234
0.358382 0.058250
0.351508 0.058248
0.344663 0.058228
0.337851 0.058188
0.331072 0.058131
0.324327 0.058055
0.317618 0.057960
0.310947 0.057847
0.304314 0.057714
0.297722 0.057563
0.291171 0.057394
0.284664 0.057205
0.278200 0.056998
0.271783 0.056773
0.265412 0.056528
0.259090 0.056265
0.252817 0.055984
0.246596 0.055684
0.240427 0.055365
0.234311 0.055028
0.228250 0.054673
0.222246 0.054301
0.216299 0.053910
0.210410 0.053501
0.204582 0.053075
0.198814 0.052631
0.193109 0.052170
0.187468 0.051692
0.181891 0.051196
0.176380 0.050685
0.170936 0.050156
0.165560 0.049612
0.160253 0.049051
0.155016 0.048475
0.149851 0.047883
0.144759 0.047276
0.139740 0.046654
0.134796 0.046018
0.129927 0.045367
0.125135 0.044701
0.120421 0.044023
0.115785 0.043330
0.111229 0.042625
0.106753 0.041907
0.102358 0.041176
0.098046 0.040433
0.093817 0.039678
0.089672 0.038912
0.085612 0.038135
0.081638 0.037347
0.077750 0.036549
0.073949 0.035741
0.070237 0.034923
0.066613 0.034096
0.063079 0.033260
0.059635 0.032415
0.056282 0.031563
0.053021 0.030702
0.049852 0.029834
0.046776 0.028959
0.043793 0.028077
0.040904 0.027189
0.038111 0.026294
0.035412 0.025394
0.032809 0.024489
0.030303 0.023579
0.027893 0.022664
0.025580 0.021744
0.023365 0.020821
0.021249 0.019894
0.019230 0.018963
0.017311 0.018029
0.015491 0.017092
0.013771 0.016153
0.012150 0.015211
0.010630 0.014268
0.009210 0.013322
0.007891 0.012375
0.006673 0.011427
0.005557 0.010477
0.004542 0.009526
0.003628 0.008575
0.002816 0.007623
0.002107 0.006670
0.001499 0.005717
0.000993 0.004764
0.000590 0.003811
0.000289 0.002858
0.000090 0.001905
-0.000006 0.000952
-0.000000 0.000000
0.000108 -0.000946
0.000317 -0.001881
0.000628 -0.002803
0.001041 -0.003713
0.001554 -0.004611
0.002169 -0.005497
0.002885 -0.006371
0.003702 -0.007233
0.004619 -0.008082
0.005637 -0.008919
0.006755 -0.009743
0.007973 -0.010554
0.009290 -0.011353
0.010707 -0.012139
0.012223 -0.012912
0.013838 -0.013672
0.015551 -0.014420
0.017362 -0.015154
0.019271 -0.015874
0.021277 -0.016582
0.023379 -0.017276
0.025578 -0.017956
0.027873 -0.018623
0.030263 -0.019276
0.032748 -0.019915
0.035327 -0.020540
0.038000 -0.021151
0.040766 -0.021749
0.043624 -0.022331
0.046575 -0.022900
0.049617 -0.023454
0.052750 -0.023994
0.055973 -0.024519
0.059285 -0.025029
0.062686 -0.025525
0.066175 -0.026006
0.069751 -0.026472
0.073414 -0.026923
0.077163 -0.027359
0.080997 -0.027780
0.084915 -0.028186
0.088916 -0.028577
0.093000 -0.028953
0.097166 -0.029314
0.101413 -0.029659
0.105740 -0.029989
0.110146 -0.030304
0.114630 -0.030604
0.119192 -0.030888
0.123830 -0.031157
0.128543 -0.031411
0.133332 -0.031650
0.138194 -0.031874
0.143128 -0.032083
0.148134 -0.032276
0.153211 -0.032455
0.158357 -0.032619
0.163572 -0.032768
0.168855 -0.032902
0.174204 -0.033022
0.179618 -0.033127
0.185097 -0.033218
0.190639 -0.033294
0.196243 -0.033356
0.201908 -0.033405
0.207633 -0.033439
0.213417 -0.033460
0.219258 -0.033468
0.225156 -0.033461
0.231109 -0.033442
0.237116 -0.033410
0.243176 -0.033365
0.249288 -0.033308
0.255450 -0.033238
0.261661 -0.033156
0.267921 -0.033062
0.274227 -0.032956
0.280579 -0.032839
0.286975 -0.032710
0.293414 -0.032571
0.299894 -0.032421
0.306416 -0.032260
0.312976 -0.032090
0.319574 -0.031909
0.326209 -0.031719
0.332879 -0.031519
0.339583 -0.031310
0.346320 -0.031092
0.353087 -0.030866
0.359885 -0.030632
0.366711 -0.030389
0.373565 -0.030139
0.380444 -0.029881
0.387347 -0.029617
0.394274 -0.029345
0.401223 -0.029067
0.408192 -0.028783
0.415179 -0.028492
0.422185 -0.028196
0.429206 -0.027895
0.436243 -0.027589
0.443292 -0.027277
0.450354 -0.026961
0.457426 -0.026641
0.464507 -0.026317
0.471596 -0.025989
0.478691 -0.025658
0.485791 -0.025324
0.492895 -0.024986
0.500000 -0.024646
0.507106 -0.024304
0.514211 -0.023959
0.521314 -0.023612
0.528414 -0.023264
0.535508 -0.022914
0.542595 -0.022563
0.549675 -0.022211
0.556745 -0.021858
0.563804 -0.021505
0.570851 -0.021151
0.577885 -0.020797
0.584903 -0.020443
0.591905 -0.020089
0.598888 -0.019736
0.605853 -0.019383
0.612796 -0.019031
0.619718 -0.018680
0.626616 -0.018329
0.633488 -0.017980
0.640335 -0.017633
0.647153 -0.017286
0.653943 -0.016942
0.660702 -0.016599
0.667429 -0.016258
0.674122 -0.015919
0.680781 -0.015582
0.687404 -0.015247
0.693989 -0.014915
0.700536 -0.014585
0.707043 -0.014257
0.713508 -0.013932
0.719930 -0.013610
0.726309 -0.013290
0.732642 -0.012973
0.738928 -0.012659
0.745167 -0.012348
0.751356 -0.012040
0.757494 -0.011736
0.763581 -0.011434
0.769615 -0.011135
0.775594 -0.010840
0.781518 -0.010548
0.787385 -0.010259
0.793195 -0.009974
0.798945 -0.009692
0.804634 -0.009413
0.810263 -0.009138
0.815828 -0.008866
0.821330 -0.008598
0.826766 -0.008334
0.832137 -0.008073
0.837440 -0.007816
0.842675 -0.007562
0.847840 -0.007312
0.852935 -0.007066
0.857959 -0.006823
0.862910 -0.006585
0.867787 -0.006350
0.872589 -0.006118
0.877316 -0.005891
0.881966 -0.005668
0.886539 -0.005448
0.891032 -0.005233
0.895447 -0.005021
0.899781 -0.004813
0.904033 -0.004609
0.908203 -0.004410
0.912291 -0.004214
0.916294 -0.004022
0.920212 -0.003835
0.924044 -0.003651
0.927791 -0.003472
0.931449 -0.003297
0.935020 -0.003126
0.938502 -0.002959
0.941895 -0.002797
0.945197 -0.002638
0.948408 -0.002484
0.951528 -0.002335
0.954555 -0.002190
0.957490 -0.002049
0.960330 -0.001913
0.963077 -0.001781
0.965729 -0.001653
0.968286 -0.001531
0.970747 -0.001412
0.973111 -0.001299
0.975379 -0.001189
0.977549 -0.001085
0.979621 -0.000985
0.981595 -0.000890
0.983471 -0.000799
0.985247 -0.000714
0.986924 -0.000633
0.988501 -0.000557
0.989978 -0.000485
0.991354 -0.000419
0.992630 -0.000357
0.993805 -0.000300
0.994878 -0.000248
0.995850 -0.000201
0.996720 -0.000159
0.997488 -0.000122
0.998154 -0.000090
0.998718 -0.000062
0.999179 -0.000040
0.999538 -0.000022
0.999795 -0.000010
0.999949 -0.000002
1.000000 0.000000
