MH60
1.000000 -0.000000
0.999950 0.000011
0.999799 0.000045
0.999547 0.000101
0.999194 0.000180
0.998741 0.000281
0.998188 0.000404
0.997534 0.000549
0.996780 0.000717
0.995926 0.000907
0.994971 0.001118
0.993917 0.001351
0.992764 0.001606
0.991511 0.001883
0.990159 0.002180
0.988708 0.002499
0.987158 0.002839
0.985510 0.003199
0.983764 0.003580
0.981920 0.003980
0.979979 0.004401
0.977941 0.004842
0.975807 0.005302
0.973576 0.005781
0.971250 0.006279
0.968828 0.006795
0.966311 0.007330
0.963700 0.007882
0.960995 0.008452
0.958197 0.009039
0.955306 0.009643
0.952322 0.010263
0.949247 0.010900
0.946081 0.011552
0.942824 0.012219
0.939477 0.012901
0.936041 0.013598
0.932516 0.014309
0.928903 0.015034
0.925204 0.015771
0.921417 0.016522
0.917545 0.017285
0.913588 0.018060
0.909546 0.018846
0.905421 0.019643
0.901213 0.020451
0.896924 0.021269
0.892553 0.022097
0.888102 0.022934
0.883572 0.023780
0.878963 0.024634
0.874277 0.025495
0.869514 0.026364
0.864675 0.027240
0.859762 0.028122
0.854774 0.029010
0.849714 0.029903
0.844582 0.030802
0.839380 0.031704
0.834107 0.032611
0.828766 0.033521
0.823357 0.034434
0.817881 0.035350
0.812340 0.036267
0.806734 0.037186
0.801065 0.038107
0.795334 0.039027
0.789542 0.039948
0.783690 0.040869
0.777779 0.041788
0.771810 0.042706
0.765785 0.043623
0.759705 0.044537
0.753571 0.045448
0.747384 0.046356
0.741146 0.047261
0.734857 0.048161
0.728519 0.049057
0.722134 0.049947
0.715702 0.050832
0.709226 0.051712
0.702705 0.052584
0.696142 0.053450
0.689538 0.054309
0.682893 0.055160
0.676211 0.056002
0.669491 0.056836
0.662735 0.057661
0.655945 0.058477
0.649122 0.059282
0.642268 0.060078
0.635383 0.060862
0.628469 0.061636
0.621528 0.062398
0.614561 0.063148
0.607570 0.063885
0.600555 0.064610
0.593518 0.065322
0.586462 0.066020
0.579386 0.066704
0.572293 0.067374
0.565184 0.068030
0.558061 0.068670
0.550925 0.069295
0.543778 0.069905
0.536620 0.070498
0.529454 0.071075
0.522281 0.071635
0.515102 0.072178
0.507919 0.072704
0.500734 0.073212
0.493548 0.073702
0.486362 0.074174
0.479178 0.074627
0.471997 0.075061
0.464822 0.075476
0.457653 0.075872
0.450491 0.076248
0.443339 0.076604
0.436199 0.076940
0.429070 0.077255
0.421956 0.077550
0.414856 0.077824
0.407774 0.078078
0.400710 0.078309
0.393603 0.078516
0.386510 0.078690
0.379439 0.078832
0.372392 0.078943
0.365371 0.079021
0.358377 0.079067
0.351412 0.079081
0.344477 0.079063
0.337574 0.079013
0.330705 0.078932
0.323870 0.078818
0.317072 0.078673
0.310312 0.078497
0.303592 0.078289
0.296912 0.078050
0.290275 0.077780
0.283682 0.077479
0.277134 0.077148
0.270633 0.076787
0.264180 0.076396
0.257777 0.075975
0.251425 0.075525
0.245126 0.075047
0.238881 0.074539
0.232691 0.074004
0.226558 0.073440
0.220483 0.072849
0.214467 0.072232
0.208512 0.071588
0.202620 0.070918
0.196790 0.070222
0.191026 0.069502
0.185327 0.068757
0.179696 0.067988
0.174133 0.067195
0.168640 0.066380
0.163217 0.065543
0.157867 0.064684
0.152590 0.063804
0.147387 0.062903
0.142259 0.061983
0.137209 0.061043
0.132235 0.060085
0.127341 0.059109
0.122526 0.058116
0.117792 0.057107
0.113140 0.056081
0.108570 0.055041
0.104084 0.053985
0.099683 0.052917
0.095367 0.051835
0.091138 0.050740
0.086996 0.049634
0.082942 0.048517
0.078977 0.047390
0.075101 0.046253
0.071317 0.045107
0.067623 0.043953
0.064022 0.042792
0.060513 0.041624
0.057097 0.040449
0.053776 0.039270
0.050549 0.038085
0.047418 0.036897
0.044382 0.035705
0.041443 0.034510
0.038601 0.033313
0.035856 0.032114
0.033210 0.030915
0.030662 0.029715
0.028213 0.028516
0.025863 0.027318
0.023613 0.026120
0.021463 0.024925
0.019413 0.023733
0.017465 0.022543
0.015618 0.021357
0.013872 0.020175
0.012228 0.018998
0.010685 0.017825
0.009246 0.016657
0.007908 0.015496
0.006673 0.014340
0.005541 0.013191
0.004512 0.012048
0.003585 0.010913
0.002762 0.009785
0.002042 0.008665
0.001426 0.007552
0.000912 0.006448
0.000502 0.005351
0.000195 0.004264
-0.000008 0.003185
-0.000108 0.002114
-0.000106 0.001053
-0.000000 0.000000
0.000208 -0.001037
0.000516 -0.002053
0.000926 -0.003047
0.001435 -0.004019
0.002046 -0.004970
0.002756 -0.005899
0.003566 -0.006806
0.004476 -0.007691
0.005485 -0.008554
0.006593 -0.009396
0.007800 -0.010216
0.009105 -0.011014
0.010508 -0.011790
0.012009 -0.012545
0.013608 -0.013278
0.015303 -0.013990
0.017094 -0.014680
0.018981 -0.015348
0.020964 -0.015995
0.023042 -0.016621
0.025214 -0.017225
0.027481 -0.017808
0.029840 -0.018370
0.032293 -0.018911
0.034838 -0.019431
0.037474 -0.019930
0.040202 -0.020409
0.043020 -0.020866
0.045928 -0.021303
0.048925 -0.021720
0.052010 -0.022117
0.055184 -0.022493
0.058444 -0.022850
0.061791 -0.023187
0.065224 -0.023504
0.068741 -0.023802
0.072343 -0.024081
0.076028 -0.024340
0.079795 -0.024581
0.083645 -0.024804
0.087576 -0.025008
0.091586 -0.025194
0.095676 -0.025362
0.099845 -0.025512
0.104092 -0.025646
0.108415 -0.025762
0.112814 -0.025861
0.117288 -0.025944
0.121837 -0.026011
0.126458 -0.026062
0.131153 -0.026098
0.135918 -0.026118
0.140754 -0.026123
0.145660 -0.026114
0.150634 -0.026091
0.155676 -0.026054
0.160784 -0.026004
0.165958 -0.025941
0.171197 -0.025865
0.176499 -0.025777
0.181865 -0.025677
0.187292 -0.025566
0.192779 -0.025443
0.198326 -0.025311
0.203932 -0.025168
0.209595 -0.025016
0.215315 -0.024854
0.221090 -0.024684
0.226919 -0.024505
0.232802 -0.024319
0.238736 -0.024125
0.244722 -0.023924
0.250758 -0.023717
0.256842 -0.023504
0.262974 -0.023286
0.269153 -0.023063
0.275377 -0.022835
0.281645 -0.022603
0.287957 -0.022368
0.294310 -0.022130
0.300704 -0.021890
0.307138 -0.021647
0.313610 -0.021403
0.320120 -0.021158
0.326665 -0.020913
0.333246 -0.020667
0.339860 -0.020422
0.346506 -0.020177
0.353183 -0.019934
0.359890 -0.019693
0.366626 -0.019454
0.373390 -0.019218
0.380179 -0.018985
0.386994 -0.018756
0.393832 -0.018530
0.400699 -0.018309
0.407651 -0.018087
0.414621 -0.017861
0.421610 -0.017629
0.428615 -0.017394
0.435635 -0.017155
0.442669 -0.016912
0.449715 -0.016666
0.456772 -0.016417
0.463839 -0.016166
0.470914 -0.015912
0.477995 -0.015656
0.485082 -0.015398
0.492173 -0.015139
0.499266 -0.014878
0.506360 -0.014617
0.513454 -0.014355
0.520546 -0.014092
0.527635 -0.013829
0.534719 -0.013566
0.541797 -0.013303
0.548868 -0.013040
0.555930 -0.012778
0.562982 -0.012517
0.570022 -0.012257
0.577048 -0.011998
0.584061 -0.011740
0.591057 -0.011484
0.598036 -0.011230
0.604996 -0.010977
0.611936 -0.010727
0.618854 -0.010478
0.625749 -0.010232
0.632620 -0.009988
0.639465 -0.009747
0.646282 -0.009509
0.653072 -0.009273
0.659831 -0.009039
0.666558 -0.008809
0.673253 -0.008582
0.679914 -0.008358
0.686540 -0.008137
0.693128 -0.007919
0.699679 -0.007704
0.706189 -0.007492
0.712659 -0.007284
0.719087 -0.007079
0.725471 -0.006878
0.731810 -0.006680
0.738103 -0.006485
0.744349 -0.006294
0.750546 -0.006106
0.756693 -0.005921
0.762788 -0.005740
0.768831 -0.005562
0.774820 -0.005388
0.780754 -0.005217
0.786631 -0.005050
0.792451 -0.004886
0.798212 -0.004725
0.803914 -0.004568
0.809554 -0.004414
0.815131 -0.004263
0.820645 -0.004115
0.826095 -0.003971
0.831479 -0.003829
0.836795 -0.003691
0.842044 -0.003556
0.847223 -0.003424
0.852332 -0.003295
0.857370 -0.003169
0.862335 -0.003046
0.867227 -0.002926
0.872045 -0.002809
0.876787 -0.002694
0.881452 -0.002583
0.886040 -0.002474
0.890549 -0.002368
0.894979 -0.002264
0.899328 -0.002163
0.903596 -0.002065
0.907782 -0.001969
0.911884 -0.001876
0.915903 -0.001785
0.919836 -0.001697
0.923684 -0.001612
0.927446 -0.001528
0.931120 -0.001447
0.934705 -0.001369
0.938202 -0.001293
0.941609 -0.001219
0.944926 -0.001147
0.948152 -0.001078
0.951285 -0.001011
0.954326 -0.000946
0.957274 -0.000884
0.960129 -0.000823
0.962888 -0.000765
0.965553 -0.000709
0.968122 -0.000656
0.970595 -0.000604
0.972971 -0.000555
0.975250 -0.000507
0.977431 -0.000462
0.979514 -0.000419
0.981498 -0.000378
0.983383 -0.000339
0.985168 -0.000303
0.986854 -0.000268
0.988439 -0.000236
0.989924 -0.000205
0.991308 -0.000177
0.992590 -0.000151
0.993771 -0.000127
0.994850 -0.000105
0.995827 -0.000085
0.996702 -0.000067
0.997474 -0.000051
0.998144 -0.000038
0.998711 -0.000026
0.999175 -0.000017
0.999536 -0.000009
0.999794 -0.000004
0.999948 -0.000001
1.000000 0.000000
