NACA6409
1.000000 -0.000000
0.999950 0.000016
0.999800 0.000063
0.999551 0.000141
0.999202 0.000250
0.998753 0.000391
0.998205 0.000562
0.997557 0.000765
0.996810 0.000998
0.995964 0.001262
0.995018 0.001556
0.993974 0.001881
0.992831 0.002235
0.991589 0.002620
0.990249 0.003034
0.988811 0.003477
0.987276 0.003949
0.985642 0.004450
0.983912 0.004980
0.982084 0.005537
0.980160 0.006122
0.978139 0.006734
0.976023 0.007374
0.973811 0.008039
0.971504 0.008731
0.969102 0.009448
0.966606 0.010191
0.964015 0.010958
0.961332 0.011749
0.958555 0.012564
0.955686 0.013402
0.952725 0.014263
0.949673 0.015146
0.946530 0.016050
0.943296 0.016975
0.939973 0.017921
0.936561 0.018886
0.933060 0.019871
0.929472 0.020874
0.925796 0.021895
0.922034 0.022933
0.918186 0.023988
0.914253 0.025059
0.910235 0.026145
0.906134 0.027246
0.901950 0.028361
0.897684 0.029489
0.893337 0.030630
0.888909 0.031783
0.884402 0.032947
0.879815 0.034122
0.875151 0.035307
0.870410 0.036501
0.865592 0.037703
0.860700 0.038913
0.855733 0.040130
0.850692 0.041353
0.845579 0.042582
0.840395 0.043816
0.835140 0.045054
0.829816 0.046296
0.824423 0.047540
0.818963 0.048786
0.813437 0.050033
0.807845 0.051281
0.802190 0.052529
0.796471 0.053776
0.790690 0.055022
0.784848 0.056265
0.778947 0.057505
0.772987 0.058742
0.766969 0.059974
0.760895 0.061202
0.754767 0.062423
0.748584 0.063638
0.742349 0.064846
0.736063 0.066047
0.729727 0.067238
0.723341 0.068421
0.716909 0.069594
0.710429 0.070757
0.703905 0.071909
0.697338 0.073049
0.690727 0.074176
0.684076 0.075291
0.677385 0.076392
0.670656 0.077480
0.663890 0.078552
0.657088 0.079610
0.650252 0.080651
0.643383 0.081676
0.636483 0.082684
0.629552 0.083675
0.622593 0.084648
0.615607 0.085602
0.608595 0.086537
0.601559 0.087452
0.594499 0.088347
0.587419 0.089222
0.580318 0.090076
0.573199 0.090908
0.566063 0.091718
0.558912 0.092506
0.551746 0.093271
0.544568 0.094013
0.537379 0.094732
0.530180 0.095426
0.522974 0.096097
0.515761 0.096742
0.508542 0.097362
0.501321 0.097957
0.494097 0.098527
0.486873 0.099070
0.479651 0.099587
0.472430 0.100078
0.465215 0.100542
0.458004 0.100979
0.450802 0.101389
0.443607 0.101771
0.436424 0.102125
0.429252 0.102452
0.422094 0.102751
0.414950 0.103022
0.407824 0.103264
0.400715 0.103478
0.393512 0.103656
0.386316 0.103783
0.379142 0.103861
0.371993 0.103890
0.364869 0.103869
0.357772 0.103800
0.350704 0.103682
0.343667 0.103516
0.336662 0.103302
0.329691 0.103040
0.322755 0.102732
0.315857 0.102377
0.308998 0.101975
0.302179 0.101528
0.295402 0.101036
0.288669 0.100500
0.281982 0.099920
0.275341 0.099296
0.268749 0.098631
0.262207 0.097923
0.255717 0.097175
0.249280 0.096386
0.242898 0.095559
0.236572 0.094692
0.230303 0.093788
0.224094 0.092847
0.217946 0.091871
0.211859 0.090859
0.205836 0.089814
0.199879 0.088735
0.193987 0.087625
0.188163 0.086484
0.182408 0.085313
0.176724 0.084113
0.171111 0.082886
0.165571 0.081632
0.160106 0.080352
0.154715 0.079049
0.149402 0.077722
0.144166 0.076372
0.139009 0.075003
0.133932 0.073613
0.128937 0.072205
0.124024 0.070780
0.119194 0.069338
0.114448 0.067882
0.109788 0.066412
0.105214 0.064929
0.100728 0.063435
0.096330 0.061931
0.092021 0.060418
0.087802 0.058898
0.083674 0.057371
0.079638 0.055838
0.075694 0.054302
0.071843 0.052763
0.068087 0.051221
0.064425 0.049680
0.060859 0.048138
0.057389 0.046599
0.054015 0.045062
0.050739 0.043529
0.047561 0.042001
0.044481 0.040479
0.041501 0.038964
0.038620 0.037458
0.035838 0.035960
0.033158 0.034472
0.030578 0.032996
0.028100 0.031531
0.025723 0.030079
0.023449 0.028641
0.021276 0.027218
0.019207 0.025810
0.017241 0.024418
0.015377 0.023043
0.013618 0.021686
0.011962 0.020347
0.010409 0.019028
0.008961 0.017728
0.007618 0.016449
0.006378 0.015190
0.005243 0.013953
0.004213 0.012738
0.003287 0.011545
0.002466 0.010375
0.001749 0.009229
0.001137 0.008106
0.000630 0.007006
0.000227 0.005931
-0.000072 0.004881
-0.000266 0.003855
-0.000355 0.002854
-0.000341 0.001878
-0.000222 0.000926
-0.000000 0.000000
0.000324 -0.000896
0.000749 -0.001755
0.001273 -0.002579
0.001896 -0.003366
0.002619 -0.004118
0.003441 -0.004833
0.004362 -0.005514
0.005381 -0.006158
0.006498 -0.006767
0.007713 -0.007341
0.009025 -0.007880
0.010433 -0.008384
0.011938 -0.008854
0.013539 -0.009289
0.015235 -0.009691
0.017027 -0.010058
0.018912 -0.010393
0.020892 -0.010694
0.022964 -0.010962
0.025130 -0.011199
0.027387 -0.011403
0.029736 -0.011576
0.032177 -0.011717
0.034707 -0.011829
0.037327 -0.011909
0.040036 -0.011961
0.042833 -0.011983
0.045718 -0.011976
0.048690 -0.011941
0.051748 -0.011878
0.054892 -0.011789
0.058120 -0.011673
0.061433 -0.011531
0.064828 -0.011363
0.068306 -0.011171
0.071865 -0.010955
0.075506 -0.010716
0.079226 -0.010454
0.083025 -0.010169
0.086903 -0.009864
0.090858 -0.009537
0.094890 -0.009191
0.098998 -0.008826
0.103181 -0.008442
0.107438 -0.008040
0.111768 -0.007621
0.116170 -0.007186
0.120644 -0.006736
0.125188 -0.006271
0.129802 -0.005792
0.134485 -0.005301
0.139235 -0.004797
0.144053 -0.004281
0.148936 -0.003755
0.153884 -0.003220
0.158897 -0.002675
0.163972 -0.002122
0.169110 -0.001563
0.174309 -0.000997
0.179568 -0.000425
0.184887 0.000151
0.190264 0.000730
0.195698 0.001313
0.201189 0.001897
0.206735 0.002483
0.212336 0.003069
0.217991 0.003654
0.223698 0.004237
0.229456 0.004818
0.235265 0.005396
0.241124 0.005969
0.247031 0.006538
0.252986 0.007100
0.258987 0.007656
0.265034 0.008204
0.271125 0.008743
0.277260 0.009273
0.283438 0.009793
0.289656 0.010302
0.295916 0.010799
0.302214 0.011284
0.308551 0.011755
0.314925 0.012212
0.321335 0.012653
0.327780 0.013080
0.334260 0.013489
0.340772 0.013881
0.347316 0.014256
0.353891 0.014611
0.360495 0.014947
0.367128 0.015263
0.373789 0.015559
0.380475 0.015833
0.387187 0.016085
0.393923 0.016315
0.400695 0.016521
0.407601 0.016716
0.414527 0.016906
0.421472 0.017091
0.428433 0.017271
0.435410 0.017445
0.442401 0.017613
0.449405 0.017775
0.456421 0.017930
0.463446 0.018079
0.470481 0.018220
0.477523 0.018354
0.484571 0.018480
0.491623 0.018599
0.498679 0.018709
0.505737 0.018811
0.512796 0.018905
0.519853 0.018990
0.526908 0.019066
0.533960 0.019133
0.541007 0.019190
0.548047 0.019239
0.555080 0.019278
0.562103 0.019307
0.569115 0.019327
0.576116 0.019337
0.583103 0.019337
0.590076 0.019328
0.597032 0.019309
0.603970 0.019279
0.610890 0.019240
0.617789 0.019191
0.624666 0.019132
0.631520 0.019063
0.638350 0.018985
0.645153 0.018897
0.651929 0.018799
0.658676 0.018691
0.665393 0.018575
0.672079 0.018448
0.678732 0.018313
0.685350 0.018168
0.691933 0.018015
0.698478 0.017853
0.704986 0.017682
0.711453 0.017503
0.717880 0.017315
0.724264 0.017120
0.730604 0.016916
0.736900 0.016705
0.743148 0.016487
0.749350 0.016262
0.755502 0.016030
0.761604 0.015791
0.767654 0.015545
0.773652 0.015294
0.779595 0.015037
0.785483 0.014774
0.791315 0.014506
0.797088 0.014234
0.802802 0.013956
0.808457 0.013674
0.814049 0.013388
0.819579 0.013099
0.825045 0.012806
0.830445 0.012509
0.835780 0.012210
0.841047 0.011909
0.846245 0.011605
0.851374 0.011300
0.856432 0.010993
0.861418 0.010685
0.866331 0.010376
0.871170 0.010066
0.875934 0.009756
0.880622 0.009447
0.885232 0.009137
0.889765 0.008829
0.894218 0.008522
0.898591 0.008215
0.902883 0.007911
0.907092 0.007609
0.911219 0.007309
0.915262 0.007011
0.919220 0.006716
0.923092 0.006425
0.926877 0.006137
0.930575 0.005853
0.934185 0.005573
0.937706 0.005297
0.941137 0.005025
0.944477 0.004759
0.947725 0.004497
0.950882 0.004241
0.953946 0.003991
0.956916 0.003746
0.959792 0.003508
0.962573 0.003275
0.965258 0.003050
0.967848 0.002831
0.970341 0.002618
0.972736 0.002413
0.975033 0.002216
0.977233 0.002025
0.979333 0.001843
0.981334 0.001668
0.983235 0.001501
0.985036 0.001342
0.986736 0.001192
0.988335 0.001050
0.989833 0.000917
0.991229 0.000792
0.992523 0.000676
0.993714 0.000569
0.994803 0.000471
0.995789 0.000382
0.996672 0.000302
0.997451 0.000232
0.998127 0.000170
0.998699 0.000118
0.999167 0.000076
0.999531 0.000043
0.999792 0.000019
0.999948 0.000005
1.000000 0.000000
