PW51
1.000000 -0.000000
0.999949 0.000010
0.999798 0.000041
0.999545 0.000093
0.999192 0.000165
0.998738 0.000257
0.998183 0.000370
0.997527 0.000503
0.996771 0.000656
0.995914 0.000830
0.994957 0.001024
0.993900 0.001237
0.992743 0.001471
0.991486 0.001724
0.990130 0.001996
0.988675 0.002288
0.987121 0.002599
0.985469 0.002929
0.983718 0.003278
0.981870 0.003645
0.979923 0.004030
0.977880 0.004433
0.975740 0.004855
0.973503 0.005293
0.971171 0.005749
0.968743 0.006222
0.966220 0.006712
0.963602 0.007218
0.960890 0.007740
0.958085 0.008278
0.955187 0.008832
0.952197 0.009400
0.949114 0.009984
0.945941 0.010581
0.942676 0.011193
0.939322 0.011819
0.935879 0.012458
0.932346 0.013110
0.928726 0.013774
0.925019 0.014451
0.921224 0.015140
0.917345 0.015840
0.913380 0.016551
0.909330 0.017273
0.905198 0.018005
0.900982 0.018747
0.896685 0.019499
0.892307 0.020259
0.887848 0.021029
0.883311 0.021806
0.878694 0.022591
0.874001 0.023384
0.869231 0.024183
0.864385 0.024990
0.859465 0.025802
0.854471 0.026620
0.849404 0.027443
0.844266 0.028271
0.839057 0.029103
0.833778 0.029939
0.828431 0.030779
0.823016 0.031622
0.817535 0.032468
0.811988 0.033316
0.806377 0.034166
0.800704 0.035017
0.794968 0.035869
0.789171 0.036722
0.783315 0.037575
0.777400 0.038427
0.771427 0.039279
0.765399 0.040130
0.759316 0.040979
0.753179 0.041826
0.746990 0.042670
0.740749 0.043512
0.734458 0.044351
0.728119 0.045186
0.721733 0.046017
0.715300 0.046843
0.708822 0.047665
0.702301 0.048481
0.695738 0.049291
0.689134 0.050096
0.682490 0.050893
0.675809 0.051684
0.669090 0.052468
0.662336 0.053244
0.655548 0.054012
0.648727 0.054771
0.641875 0.055521
0.634993 0.056262
0.628083 0.056993
0.621146 0.057715
0.614182 0.058426
0.607195 0.059125
0.600185 0.059814
0.593153 0.060491
0.586102 0.061157
0.579032 0.061809
0.571945 0.062449
0.564842 0.063077
0.557726 0.063690
0.550596 0.064290
0.543456 0.064876
0.536306 0.065447
0.529147 0.066003
0.521982 0.066544
0.514812 0.067070
0.507637 0.067580
0.500461 0.068074
0.493284 0.068551
0.486107 0.069011
0.478933 0.069454
0.471762 0.069880
0.464596 0.070288
0.457437 0.070678
0.450286 0.071050
0.443145 0.071404
0.436015 0.071738
0.428897 0.072053
0.421794 0.072349
0.414676 0.072624
0.407565 0.072873
0.400472 0.073098
0.393399 0.073296
0.386348 0.073469
0.379319 0.073616
0.372314 0.073736
0.365335 0.073831
0.358384 0.073899
0.351461 0.073941
0.344569 0.073956
0.337709 0.073945
0.330882 0.073908
0.324089 0.073843
0.317333 0.073753
0.310615 0.073635
0.303936 0.073491
0.297297 0.073320
0.290701 0.073123
0.284147 0.072900
0.277639 0.072650
0.271177 0.072374
0.264763 0.072072
0.258398 0.071744
0.252083 0.071390
0.245821 0.071010
0.239611 0.070605
0.233456 0.070175
0.227357 0.069720
0.221315 0.069240
0.215331 0.068735
0.209407 0.068206
0.203545 0.067653
0.197744 0.067077
0.192007 0.066477
0.186335 0.065854
0.180729 0.065208
0.175190 0.064539
0.169720 0.063849
0.164319 0.063137
0.158989 0.062404
0.153731 0.061650
0.148545 0.060876
0.143434 0.060081
0.138398 0.059268
0.133438 0.058435
0.128555 0.057583
0.123751 0.056713
0.119026 0.055826
0.114381 0.054921
0.109817 0.054000
0.105336 0.053063
0.100938 0.052109
0.096623 0.051141
0.092394 0.050158
0.088250 0.049161
0.084193 0.048151
0.080223 0.047127
0.076342 0.046091
0.072550 0.045043
0.068847 0.043983
0.065235 0.042913
0.061714 0.041832
0.058285 0.040741
0.054949 0.039641
0.051705 0.038532
0.048556 0.037415
0.045501 0.036291
0.042542 0.035159
0.039678 0.034020
0.036910 0.032875
0.034239 0.031725
0.031665 0.030569
0.029189 0.029409
0.026811 0.028244
0.024532 0.027075
0.022351 0.025903
0.020270 0.024729
0.018289 0.023551
0.016408 0.022372
0.014628 0.021191
0.012948 0.020008
0.011369 0.018825
0.009892 0.017641
0.008516 0.016457
0.007242 0.015273
0.006069 0.014089
0.004999 0.012906
0.004032 0.011724
0.003166 0.010543
0.002404 0.009363
0.001743 0.008185
0.001186 0.007009
0.000731 0.005835
0.000380 0.004663
0.000131 0.003494
-0.000016 0.002327
-0.000059 0.001162
-0.000000 0.000000
0.000161 -0.001152
0.000424 -0.002288
0.000787 -0.003406
0.001251 -0.004508
0.001816 -0.005593
0.002482 -0.006661
0.003248 -0.007711
0.004115 -0.008745
0.005081 -0.009761
0.006147 -0.010760
0.007312 -0.011742
0.008577 -0.012706
0.009940 -0.013653
0.011402 -0.014582
0.012962 -0.015494
0.014619 -0.016388
0.016374 -0.017265
0.018225 -0.018123
0.020174 -0.018964
0.022218 -0.019786
0.024357 -0.020591
0.026592 -0.021378
0.028921 -0.022146
0.031344 -0.022897
0.033861 -0.023629
0.036471 -0.024343
0.039173 -0.025039
0.041966 -0.025716
0.044851 -0.026375
0.047826 -0.027015
0.050891 -0.027637
0.054045 -0.028240
0.057288 -0.028825
0.060619 -0.029392
0.064036 -0.029940
0.067540 -0.030469
0.071130 -0.030980
0.074804 -0.031472
0.078563 -0.031945
0.082405 -0.032401
0.086329 -0.032837
0.090335 -0.033256
0.094422 -0.033655
0.098589 -0.034037
0.102836 -0.034400
0.107160 -0.034745
0.111562 -0.035072
0.116041 -0.035381
0.120595 -0.035673
0.125225 -0.035946
0.129928 -0.036202
0.134704 -0.036440
0.139551 -0.036660
0.144470 -0.036864
0.149459 -0.037050
0.154517 -0.037219
0.159643 -0.037372
0.164836 -0.037508
0.170095 -0.037628
0.175419 -0.037732
0.180807 -0.037819
0.186258 -0.037891
0.191771 -0.037948
0.197345 -0.037989
0.202978 -0.038016
0.208670 -0.038028
0.214420 -0.038025
0.220226 -0.038008
0.226087 -0.037978
0.232003 -0.037934
0.237971 -0.037876
0.243992 -0.037806
0.250063 -0.037723
0.256184 -0.037628
0.262353 -0.037522
0.268570 -0.037403
0.274832 -0.037274
0.281140 -0.037133
0.287491 -0.036983
0.293884 -0.036822
0.300319 -0.036651
0.306794 -0.036471
0.313308 -0.036282
0.319859 -0.036084
0.326446 -0.035878
0.333069 -0.035665
0.339725 -0.035444
0.346414 -0.035215
0.353134 -0.034980
0.359883 -0.034739
0.366662 -0.034492
0.373468 -0.034240
0.380299 -0.033982
0.387156 -0.033720
0.394035 -0.033453
0.400937 -0.033182
0.407860 -0.032908
0.414802 -0.032630
0.421772 -0.032349
0.428788 -0.032062
0.435819 -0.031768
0.442864 -0.031466
0.449920 -0.031158
0.456988 -0.030843
0.464065 -0.030522
0.471149 -0.030195
0.478241 -0.029863
0.485337 -0.029525
0.492437 -0.029182
0.499539 -0.028835
0.506642 -0.028483
0.513744 -0.028127
0.520845 -0.027767
0.527942 -0.027404
0.535034 -0.027038
0.542119 -0.026668
0.549197 -0.026296
0.556266 -0.025922
0.563324 -0.025545
0.570370 -0.025166
0.577403 -0.024786
0.584420 -0.024404
0.591422 -0.024021
0.598406 -0.023637
0.605370 -0.023252
0.612314 -0.022866
0.619237 -0.022480
0.626135 -0.022094
0.633009 -0.021708
0.639857 -0.021322
0.646678 -0.020936
0.653469 -0.020551
0.660230 -0.020166
0.666959 -0.019783
0.673656 -0.019400
0.680317 -0.019019
0.686943 -0.018638
0.693532 -0.018260
0.700082 -0.017883
0.706593 -0.017507
0.713062 -0.017134
0.719489 -0.016762
0.725871 -0.016392
0.732209 -0.016025
0.738500 -0.015660
0.744743 -0.015297
0.750938 -0.014937
0.757082 -0.014579
0.763174 -0.014224
0.769213 -0.013872
0.775199 -0.013522
0.781129 -0.013176
0.787002 -0.012832
0.792818 -0.012492
0.798574 -0.012154
0.804270 -0.011820
0.809905 -0.011490
0.815478 -0.011162
0.820986 -0.010838
0.826430 -0.010518
0.831808 -0.010201
0.837118 -0.009888
0.842361 -0.009578
0.847534 -0.009272
0.852636 -0.008970
0.857667 -0.008672
0.862625 -0.008378
0.867510 -0.008088
0.872321 -0.007802
0.877055 -0.007520
0.881713 -0.007242
0.886293 -0.006969
0.890795 -0.006699
0.895217 -0.006435
0.899559 -0.006174
0.903819 -0.005918
0.907997 -0.005667
0.912092 -0.005420
0.916103 -0.005178
0.920029 -0.004941
0.923869 -0.004708
0.927623 -0.004481
0.931289 -0.004258
0.934868 -0.004040
0.938357 -0.003828
0.941757 -0.003620
0.945066 -0.003418
0.948284 -0.003221
0.951411 -0.003029
0.954445 -0.002842
0.957386 -0.002661
0.960233 -0.002486
0.962986 -0.002316
0.965644 -0.002151
0.968207 -0.001992
0.970674 -0.001839
0.973044 -0.001692
0.975317 -0.001551
0.977492 -0.001415
0.979570 -0.001285
0.981549 -0.001162
0.983429 -0.001044
0.985209 -0.000932
0.986890 -0.000827
0.988471 -0.000728
0.989952 -0.000634
0.991332 -0.000548
0.992611 -0.000467
0.993789 -0.000393
0.994865 -0.000325
0.995839 -0.000263
0.996711 -0.000208
0.997481 -0.000159
0.998149 -0.000117
0.998714 -0.000081
0.999177 -0.000052
0.999537 -0.000029
0.999794 -0.000013
0.999949 -0.000003
1.000000 0.000000
